------------------------------------------------------------------------------
celeba_004 EXPERIMENT RESULTS
------------------------------------------------------------------------------
Loss and accuracy on train and validation set
{
  "loss": [
    8.90599250793457,
    8.243776321411133,
    7.724844455718994,
    7.280969142913818,
    6.893779277801514,
    6.55269718170166,
    6.249970436096191,
    5.97931432723999,
    5.734989166259766,
    5.514723777770996,
    5.3138017654418945,
    5.130845546722412,
    4.96199369430542,
    4.807123184204102,
    4.664314270019531,
    4.531356334686279,
    4.4089508056640625,
    4.293938159942627,
    4.186838150024414,
    4.086592197418213,
    3.9929423332214355,
    3.904690980911255,
    3.8213577270507812,
    3.743330955505371,
    3.6691880226135254,
    3.5999021530151367,
    3.5329689979553223,
    3.4706976413726807,
    3.4105114936828613,
    3.354491710662842
  ],
  "accuracy": [
    0.014798084273934364,
    0.082740917801857,
    0.14019303023815155,
    0.18108831346035004,
    0.21384404599666595,
    0.24368704855442047,
    0.2706111669540405,
    0.29540014266967773,
    0.31901657581329346,
    0.339467316865921,
    0.3586036264896393,
    0.3759441673755646,
    0.39375370740890503,
    0.40684857964515686,
    0.4208012521266937,
    0.4340997636318207,
    0.444670706987381,
    0.4560747444629669,
    0.4657694101333618,
    0.47559982538223267,
    0.48433181643486023,
    0.4918666183948517,
    0.4999197721481323,
    0.5072262287139893,
    0.5146932005882263,
    0.5208703875541687,
    0.5276584625244141,
    0.5336751937866211,
    0.5389761328697205,
    0.5452829003334045
  ],
  "val_loss": [
    8.607526779174805,
    8.110708236694336,
    7.694194316864014,
    7.3379082679748535,
    7.023226261138916,
    6.748492240905762,
    6.5043511390686035,
    6.283502578735352,
    6.088352203369141,
    5.911241054534912,
    5.747524738311768,
    5.599236011505127,
    5.4670820236206055,
    5.343464374542236,
    5.226569175720215,
    5.12004280090332,
    5.025125026702881,
    4.925901889801025,
    4.84951114654541,
    4.773590564727783,
    4.69997501373291,
    4.629578113555908,
    4.563694000244141,
    4.503134727478027,
    4.447162628173828,
    4.396095275878906,
    4.345259189605713,
    4.297119140625,
    4.251319408416748,
    4.208829402923584
  ],
  "val_accuracy": [
    0.0406746044754982,
    0.0848214253783226,
    0.1143353208899498,
    0.1391369104385376,
    0.1654265820980072,
    0.1875,
    0.2080853134393692,
    0.2276785671710968,
    0.2452877014875412,
    0.2574404776096344,
    0.2720734179019928,
    0.288442462682724,
    0.2978670597076416,
    0.3075396716594696,
    0.3191964328289032,
    0.3271329402923584,
    0.3343254029750824,
    0.34375,
    0.3487103283405304,
    0.3544146716594696,
    0.3638392984867096,
    0.366567462682724,
    0.3735119104385376,
    0.3804563581943512,
    0.3829365074634552,
    0.3864087164402008,
    0.3916170597076416,
    0.393105149269104,
    0.3983134925365448,
    0.4010416567325592
  ]
}

----------------------------------------------
On the test set the loss and accuracy was:
loss: 4.1848063468933105, 
accuracy: 0.40353140234947205
Total time for training and evaluating the model was 28891.8225209713 seconds = 481.53037534952165 minutes